[gd_scene load_steps=13 format=3 uid="uid://c8xvh8yqxqxqx"]

[ext_resource type="PackedScene" uid="uid://jnhm2c1m8t02" path="res://EndGameScreen.tscn" id="1_722ey"]
[ext_resource type="PackedScene" uid="uid://bqxvh8yqxqxqx" path="res://scenes/Player.tscn" id="1_player"]
[ext_resource type="Script" uid="uid://dtcrc38ywfwyb" path="res://scripts/Goal.gd" id="2_goal"]
[ext_resource type="PackedScene" uid="uid://cigtviweumu16" path="res://scenes/Teleporter3D.tscn" id="4_722ey"]
[ext_resource type="PackedScene" uid="uid://dpy484ua46ga4" path="res://scenes/WaterSpittingCube.tscn" id="4_i3brf"]

[sub_resource type="BoxShape3D" id="BoxShape3D_1"]

[sub_resource type="BoxMesh" id="BoxMesh_1"]

[sub_resource type="StandardMaterial3D" id="StandardMaterial3D_1"]
albedo_color = Color(0.8, 0.8, 0.8, 1)

[sub_resource type="StandardMaterial3D" id="StandardMaterial3D_2"]
albedo_color = Color(0.3, 0.3, 0.3, 1)

[sub_resource type="StandardMaterial3D" id="StandardMaterial3D_3"]
albedo_color = Color(0, 1, 0, 1)

[sub_resource type="Sky" id="Sky_h1dk6"]

[sub_resource type="Environment" id="Environment_my7j6"]
background_mode = 2
sky = SubResource("Sky_h1dk6")
ambient_light_source = 3
ambient_light_energy = 0.0

[node name="Maze" type="Node3D"]

[node name="Control" parent="." instance=ExtResource("1_722ey")]
visible = false

[node name="Player" parent="." node_paths=PackedStringArray("end_screen") instance=ExtResource("1_player")]
transform = Transform3D(1, 0, 0, 0, 1, 0, 0, 0, 1, -23.4755, 0.444434, -17.8239)
end_screen = NodePath("../Control")

[node name="Floor" type="StaticBody3D" parent="."]
transform = Transform3D(79.3873, 0, 0, 0, 1, 0, 0, 0, 67.1163, 0, -0.5, 0)

[node name="CollisionShape3D" type="CollisionShape3D" parent="Floor"]
shape = SubResource("BoxShape3D_1")

[node name="MeshInstance3D" type="MeshInstance3D" parent="Floor"]
mesh = SubResource("BoxMesh_1")
surface_material_override/0 = SubResource("StandardMaterial3D_1")

[node name="Walls" type="Node3D" parent="."]

[node name="Wall2" type="StaticBody3D" parent="Walls"]
transform = Transform3D(1, 0, 0, 0, 10.7412, 0, 0, 0, 50.88, 28, 4.53916, 0)

[node name="CollisionShape3D" type="CollisionShape3D" parent="Walls/Wall2"]
shape = SubResource("BoxShape3D_1")

[node name="MeshInstance3D" type="MeshInstance3D" parent="Walls/Wall2"]
mesh = SubResource("BoxMesh_1")
surface_material_override/0 = SubResource("StandardMaterial3D_2")

[node name="Wall7" type="StaticBody3D" parent="Walls"]
transform = Transform3D(1, 0, 0, 0, 10.7412, 0, 0, 0, 32.3602, 4.0677, 4.53916, 6.60107)

[node name="CollisionShape3D" type="CollisionShape3D" parent="Walls/Wall7"]
transform = Transform3D(1, 0, 0, 0, 1, 0, 0, 0, 1.24617, 0, 0, 0)
shape = SubResource("BoxShape3D_1")

[node name="MeshInstance3D" type="MeshInstance3D" parent="Walls/Wall7"]
transform = Transform3D(1, 0, 0, 0, 1, 0, 0, 0, 1.24383, 0, 0, 0)
mesh = SubResource("BoxMesh_1")
surface_material_override/0 = SubResource("StandardMaterial3D_2")

[node name="Wall8" type="StaticBody3D" parent="Walls"]
transform = Transform3D(1, 0, 0, 0, 10.7412, 0, 0, 0, 30.528, 10.9853, 4.53916, -8.79225)

[node name="CollisionShape3D" type="CollisionShape3D" parent="Walls/Wall8"]
shape = SubResource("BoxShape3D_1")

[node name="MeshInstance3D" type="MeshInstance3D" parent="Walls/Wall8"]
mesh = SubResource("BoxMesh_1")
surface_material_override/0 = SubResource("StandardMaterial3D_2")

[node name="Wall9" type="StaticBody3D" parent="Walls"]
transform = Transform3D(1, 0, 0, 0, 10.7412, 0, 0, 0, 30.528, -19.0147, 4.53916, -8.79225)

[node name="CollisionShape3D" type="CollisionShape3D" parent="Walls/Wall9"]
shape = SubResource("BoxShape3D_1")

[node name="MeshInstance3D" type="MeshInstance3D" parent="Walls/Wall9"]
mesh = SubResource("BoxMesh_1")
surface_material_override/0 = SubResource("StandardMaterial3D_2")

[node name="Wall10" type="StaticBody3D" parent="Walls"]
transform = Transform3D(1, 0, 0, 0, 10.7412, 0, 0, 0, 30.528, -7.81814, 4.53916, 0.717793)

[node name="CollisionShape3D" type="CollisionShape3D" parent="Walls/Wall10"]
shape = SubResource("BoxShape3D_1")

[node name="MeshInstance3D" type="MeshInstance3D" parent="Walls/Wall10"]
mesh = SubResource("BoxMesh_1")
surface_material_override/0 = SubResource("StandardMaterial3D_2")

[node name="Wall3" type="StaticBody3D" parent="Walls"]
transform = Transform3D(1, 0, 0, 0, 10.7412, 0, 0, 0, 50.88, -28, 4.53916, 0)

[node name="CollisionShape3D" type="CollisionShape3D" parent="Walls/Wall3"]
shape = SubResource("BoxShape3D_1")

[node name="MeshInstance3D" type="MeshInstance3D" parent="Walls/Wall3"]
mesh = SubResource("BoxMesh_1")
surface_material_override/0 = SubResource("StandardMaterial3D_2")

[node name="Wall4" type="StaticBody3D" parent="Walls"]
transform = Transform3D(-4.37114e-08, 0, -62.672, 0, 10.7412, 0, 1, 0, -2.73948e-06, 0, 4.53916, 26)

[node name="CollisionShape3D" type="CollisionShape3D" parent="Walls/Wall4"]
shape = SubResource("BoxShape3D_1")

[node name="MeshInstance3D" type="MeshInstance3D" parent="Walls/Wall4"]
mesh = SubResource("BoxMesh_1")
surface_material_override/0 = SubResource("StandardMaterial3D_2")

[node name="Wall5" type="StaticBody3D" parent="Walls"]
transform = Transform3D(-4.37114e-08, 0, -62.672, 0, 10.7412, 0, 1, 0, -2.73948e-06, 0, 4.53916, -24)

[node name="CollisionShape3D" type="CollisionShape3D" parent="Walls/Wall5"]
shape = SubResource("BoxShape3D_1")

[node name="MeshInstance3D" type="MeshInstance3D" parent="Walls/Wall5"]
mesh = SubResource("BoxMesh_1")
surface_material_override/0 = SubResource("StandardMaterial3D_2")

[node name="Wall6" type="StaticBody3D" parent="Walls"]
transform = Transform3D(-4.37114e-08, 0, -62.672, 0, 10.7412, 0, 1, 0, -2.73948e-06, 0, 4.53916, -24)

[node name="CollisionShape3D" type="CollisionShape3D" parent="Walls/Wall6"]
shape = SubResource("BoxShape3D_1")

[node name="MeshInstance3D" type="MeshInstance3D" parent="Walls/Wall6"]
mesh = SubResource("BoxMesh_1")
surface_material_override/0 = SubResource("StandardMaterial3D_2")

[node name="Light" type="DirectionalLight3D" parent="."]
transform = Transform3D(-0.611209, -0.559653, 0.559653, 0, 0.707107, 0.707107, -0.791469, 0.43219, -0.43219, 0.547075, 2.35195, -0.757388)
light_energy = 0.01
light_indirect_energy = 0.0
light_volumetric_fog_energy = 0.0
shadow_enabled = true
directional_shadow_blend_splits = true
directional_shadow_fade_start = 0.0
directional_shadow_max_distance = 0.0
directional_shadow_pancake_size = 0.0

[node name="Goal" type="Area3D" parent="."]
transform = Transform3D(1, 0, 0, 0, 1, 0, 0, 0, 1, 24.4716, 0.5, -19.8027)
script = ExtResource("2_goal")

[node name="CollisionShape3D" type="CollisionShape3D" parent="Goal"]
shape = SubResource("BoxShape3D_1")

[node name="MeshInstance3D" type="MeshInstance3D" parent="Goal"]
mesh = SubResource("BoxMesh_1")
surface_material_override/0 = SubResource("StandardMaterial3D_3")

[node name="WorldEnvironment" type="WorldEnvironment" parent="."]
environment = SubResource("Environment_my7j6")

[node name="Traps" type="Node3D" parent="."]

[node name="WaterSpittingCube2" parent="Traps" instance=ExtResource("4_i3brf")]
transform = Transform3D(-0.999888, 0, 0.014957, 0, 1, 0, -0.014957, 0, -0.999888, -4.10911, 0.5, -24.0537)

[node name="WaterSpittingCube3" parent="Traps" instance=ExtResource("4_i3brf")]
transform = Transform3D(0.999958, 0, 0.00916285, 0, 1, 0, -0.00916285, 0, 0.999958, -25, 0.5, 26.0639)

[node name="WaterSpittingCube4" parent="Traps" instance=ExtResource("4_i3brf")]
transform = Transform3D(0.999958, 0, 0.00916285, 0, 1, 0, -0.00916285, 0, 0.999958, 7.95988, 0.5, 26.0243)

[node name="WaterSpittingCube5" parent="Traps" instance=ExtResource("4_i3brf")]
transform = Transform3D(0.00883115, 0, 0.999961, 0, 1, 0, -0.999961, 0, 0.00883115, 10.9901, 0.5, -17.6833)

[node name="WaterSpittingCube6" parent="Traps" instance=ExtResource("4_i3brf")]
transform = Transform3D(-5.23021e-05, 0, -1, 0, 1, 0, 1, 0, -5.23021e-05, -7.86948, 0.5, 4.51797)

[node name="WaterSpittingCube7" parent="Traps" instance=ExtResource("4_i3brf")]
transform = Transform3D(0.00883115, 0, 0.999961, 0, 1, 0, -0.999961, 0, 0.00883115, -7.9016, 0.5, -9.30091)

[node name="GoalTrap" type="Node3D" parent="Traps"]

[node name="WaterSpittingCube2" parent="Traps/GoalTrap" instance=ExtResource("4_i3brf")]
transform = Transform3D(-0.999888, 2.47073e-12, 0.014957, 0.0149567, 0.00657978, 0.999866, -9.8414e-05, 0.999978, -0.00657905, 15.2216, 8.02648, -7.27429)

[node name="WaterSpittingCube3" parent="Traps/GoalTrap" instance=ExtResource("4_i3brf")]
transform = Transform3D(-0.999888, 2.47073e-12, 0.014957, 0.0149567, 0.00657978, 0.999866, -9.8414e-05, 0.999978, -0.00657905, 14.1486, 8.02648, -7.27429)

[node name="WaterSpittingCube4" parent="Traps/GoalTrap" instance=ExtResource("4_i3brf")]
transform = Transform3D(-0.999888, 2.47073e-12, 0.014957, 0.0149567, 0.00657978, 0.999866, -9.8414e-05, 0.999978, -0.00657905, 13.0975, 8.02648, -7.27429)

[node name="WaterSpittingCube5" parent="Traps/GoalTrap" instance=ExtResource("4_i3brf")]
transform = Transform3D(-0.999888, 2.47073e-12, 0.014957, 0.0149567, 0.00657978, 0.999866, -9.8414e-05, 0.999978, -0.00657905, 11.9128, 8.02648, -7.27429)

[node name="WaterSpittingCube6" parent="Traps/GoalTrap" instance=ExtResource("4_i3brf")]
transform = Transform3D(-0.999888, 2.47073e-12, 0.014957, 0.0149567, 0.00657978, 0.999866, -9.8414e-05, 0.999978, -0.00657905, 19.5204, 8.02648, -7.27429)

[node name="WaterSpittingCube7" parent="Traps/GoalTrap" instance=ExtResource("4_i3brf")]
transform = Transform3D(-0.999888, 2.47073e-12, 0.014957, 0.0149567, 0.00657978, 0.999866, -9.8414e-05, 0.999978, -0.00657905, 18.4473, 8.02648, -7.27429)

[node name="WaterSpittingCube8" parent="Traps/GoalTrap" instance=ExtResource("4_i3brf")]
transform = Transform3D(-0.999888, 2.47073e-12, 0.014957, 0.0149567, 0.00657978, 0.999866, -9.8414e-05, 0.999978, -0.00657905, 17.3963, 8.02648, -7.27429)

[node name="WaterSpittingCube9" parent="Traps/GoalTrap" instance=ExtResource("4_i3brf")]
transform = Transform3D(-0.999888, 2.47073e-12, 0.014957, 0.0149567, 0.00657978, 0.999866, -9.8414e-05, 0.999978, -0.00657905, 16.2115, 8.02648, -7.27429)

[node name="WaterSpittingCube10" parent="Traps/GoalTrap" instance=ExtResource("4_i3brf")]
transform = Transform3D(-0.999888, 2.47073e-12, 0.014957, 0.0149567, 0.00657978, 0.999866, -9.8414e-05, 0.999978, -0.00657905, 23.7845, 8.02648, -7.27429)

[node name="WaterSpittingCube11" parent="Traps/GoalTrap" instance=ExtResource("4_i3brf")]
transform = Transform3D(-0.999888, 2.47073e-12, 0.014957, 0.0149567, 0.00657978, 0.999866, -9.8414e-05, 0.999978, -0.00657905, 22.7115, 8.02648, -7.27429)

[node name="WaterSpittingCube12" parent="Traps/GoalTrap" instance=ExtResource("4_i3brf")]
transform = Transform3D(-0.999888, 2.47073e-12, 0.014957, 0.0149567, 0.00657978, 0.999866, -9.8414e-05, 0.999978, -0.00657905, 21.6604, 8.02648, -7.27429)

[node name="WaterSpittingCube13" parent="Traps/GoalTrap" instance=ExtResource("4_i3brf")]
transform = Transform3D(-0.999888, 2.47073e-12, 0.014957, 0.0149567, 0.00657978, 0.999866, -9.8414e-05, 0.999978, -0.00657905, 20.4757, 8.02648, -7.27429)

[node name="WaterSpittingCube14" parent="Traps/GoalTrap" instance=ExtResource("4_i3brf")]
transform = Transform3D(-0.999888, 2.47073e-12, 0.014957, 0.0149567, 0.00657978, 0.999866, -9.8414e-05, 0.999978, -0.00657905, 27.916, 8.02648, -7.27429)

[node name="WaterSpittingCube15" parent="Traps/GoalTrap" instance=ExtResource("4_i3brf")]
transform = Transform3D(-0.999888, 2.47073e-12, 0.014957, 0.0149567, 0.00657978, 0.999866, -9.8414e-05, 0.999978, -0.00657905, 26.8429, 8.02648, -7.27429)

[node name="WaterSpittingCube16" parent="Traps/GoalTrap" instance=ExtResource("4_i3brf")]
transform = Transform3D(-0.999888, 2.47073e-12, 0.014957, 0.0149567, 0.00657978, 0.999866, -9.8414e-05, 0.999978, -0.00657905, 25.7919, 8.02648, -7.27429)

[node name="WaterSpittingCube17" parent="Traps/GoalTrap" instance=ExtResource("4_i3brf")]
transform = Transform3D(-0.999888, 2.47073e-12, 0.014957, 0.0149567, 0.00657978, 0.999866, -9.8414e-05, 0.999978, -0.00657905, 24.6071, 8.02648, -7.27429)

[node name="WaterSpittingCube8" parent="Traps" instance=ExtResource("4_i3brf")]
transform = Transform3D(-5.23021e-05, 0, -1, 0, 1, 0, 1, 0, -5.23021e-05, -18.9785, 0.5, -2.9851)

[node name="Teleporters" type="Node3D" parent="."]

[node name="TeleporterEntry" parent="Teleporters" instance=ExtResource("4_722ey")]
transform = Transform3D(1, 0, 0, 0, 1, 0, 0, 0, 1, 0, 1.0008, 4.1888)

[node name="TeleporterEntry2" parent="Teleporters" instance=ExtResource("4_722ey")]
transform = Transform3D(1, 0, 0, 0, 1, 0, 0, 0, 1, -13.3287, 1.0008, 4.78661)

[node name="TeleporterExit" parent="Teleporters" instance=ExtResource("4_722ey")]
transform = Transform3D(1, 0, 0, 0, 1, 0, 0, 0, 1, -14.4013, 1.14572, 22.9941)
visible = false
type = 1

[node name="TeleporterExit2" parent="Teleporters" instance=ExtResource("4_722ey")]
transform = Transform3D(1, 0, 0, 0, 1, 0, 0, 0, 1, -25.828, 1.14572, 7.25377)
visible = false
type = 1

[node name="TeleporterExit3" parent="Teleporters" instance=ExtResource("4_722ey")]
transform = Transform3D(1, 0, 0, 0, 1, 0, 0, 0, 1, 19.0121, 1.14572, -19.5427)
visible = false
type = 1

[node name="TeleporterExit4" parent="Teleporters" instance=ExtResource("4_722ey")]
transform = Transform3D(1, 0, 0, 0, 1, 0, 0, 0, 1, 6.0664, 1.14572, 19.6134)
visible = false
type = 1
